34.48413
-83.83863
-118.3228
-157.5327
-39.20993
37.74819
76.95812
134.1402
57.18207
19.49729
-37.68478
-48.29748
-10.6127
-27.07489
-16.46219
-44.46023
-27.99804
31.32047
59.31851
-62.365
-121.6835
-125.3807
-3.697217
47.78083
51.47805
179.9675
128.4895
105.1773
-23.31218
-119.8521
-96.53991
-116.1548
-19.61484
76.44607
96.06091
118.3351
22.27421
-9.206458
-31.48067
-58.00691
-26.52624
-31.99718
-5.470947
80.54719
86.01814
-6.818276
-92.83641
-130.7933
-37.95689
-32.29725
5.659641
116.5938
110.9342
99.63128
-11.30289
-94.86368
-83.56079
-129.9899
-46.42908
69.37302
115.8021
128.6807
12.87858
-17.6755
-30.55408
-83.90141
-53.34732
16.87386
70.22118
47.58453
-22.63665
-89.63533
-66.99868
-76.28773
-9.289049
37.42667
46.71572
122.493
75.77725
35.00634
-40.77091
-78.88261
-38.1117
-103.3327
-65.22101
59.67679
124.8978
140.6555
15.75772
-27.62833
-43.38606
-59.07032
-15.68426
-5.083615
10.60065
61.78633
51.18569
45.61305
-5.572639
-38.88275
-33.31011
-134.0758
-100.7657
-91.11375
9.651962
107.2909
97.63895
122.2717
24.63273
26.6963
2.063573
-103.5573
-105.6208
-193.5481
-87.92724
161.08
249.0072
71.76782
-177.2394
-230.3069
-53.06746
6.571185
59.63865
80.21407
20.57543
64.79941
44.22398
33.51514
-10.70884
-2.164072
8.544766
-32.57973
-41.12449
78.55194
119.6764
105.3893
-14.28715
-44.82626
-30.53912
-155.4807
-124.9416
-129.132
-4.19044
-33.76999
-29.57955
3.55434
33.13389
-211.2736
-244.4075
-287.6307
-43.22317
-76.25952
-33.03635
60.67456
93.71092
144.4254
50.71446
126.7242
76.00976
75.89658
-0.113173
178.812
178.9252
273.3221
94.3969
117.7914
23.39448
-383.1362
-406.5306
-374.741
31.78964
-108.0817
-139.8714
-192.7793
-52.90795
-5.338535
47.56942
179.2855
131.716
239.1663
107.4502
137.64
30.18976
44.16708
13.97732
61.3448
47.36748
129.0772
81.70975
189.7864
108.0766
